-1.0000 -0.9976 -0.9976
-0.9969 -0.9969 -0.9916
-0.9916 -0.9910 -0.9904
-0.9904 -0.9877 -0.9877
-0.9815 -0.9815 -0.9794
-0.9794 -0.9789 -0.9789
-0.9785 -0.9785 -0.9724
-0.9724 -0.9666 -0.9666
-0.9664 -0.9664 -0.9639
-0.9619 -0.9619 -0.9612
-0.9612 -0.9607 -0.9607
-0.9511 -0.9511 -0.9478
-0.9478 -0.9462 -0.9462
-0.9444 -0.9444 -0.9416
-0.9416 -0.9407 -0.9407
-0.9360 -0.9360 -0.9351
-0.9351 -0.9243 -0.9243
-0.9239 -0.9239 -0.9227
-0.9227 -0.9219 -0.9219
-0.9162 -0.9162 -0.9161
-0.9150 -0.9150 -0.9130
-0.9130 -0.9058 -0.9058
-0.9048 -0.9048 -0.8968
-0.8968 -0.8964 -0.8964
-0.8929 -0.8929 -0.8917
-0.8917 -0.8910 -0.8910
-0.8850 -0.8850 -0.8848
-0.8848 -0.8828 -0.8828
-0.8793 -0.8793 -0.8697
-0.8697 -0.8685 -0.8685
-0.8659 -0.8659 -0.8649
-0.8649 -0.8627 -0.8627
-0.8598 -0.8598 -0.8553
-0.8553 -0.8526 -0.8526
-0.8507 -0.8507 -0.8507
-0.8480 -0.8480 -0.8439
-0.8439 -0.8402 -0.8402
-0.8308 -0.8308 -0.8304
-0.8304 -0.8284 -0.8284
-0.8271 -0.8271 -0.8271
-0.8271 -0.8252 -0.8252
-0.8192 -0.8192 -0.8175
-0.8175 -0.8162 -0.8162
-0.8122 -0.8122 -0.8090
-0.8090 -0.8030 -0.8030
-0.8015 -0.8015 -0.7926
-0.7926 -0.7902 -0.7902
-0.7901 -0.7901 -0.7864
-0.7864 -0.7859 -0.7859
-0.7857 -0.7857 -0.7838
-0.7838 -0.7835 -0.7835
-0.7828 -0.7802 -0.7802
-0.7726 -0.7726 -0.7718
-0.7718 -0.7604 -0.7604
-0.7587 -0.7587 -0.7579
-0.7579 -0.7498 -0.7498
-0.7494 -0.7494 -0.7494
-0.7494 -0.7453 -0.7453
-0.7447 -0.7447 -0.7435
-0.7435 -0.7389 -0.7389
-0.7377 -0.7377 -0.7350
-0.7350 -0.7348 -0.7348
-0.7280 -0.7280 -0.7253
-0.7253 -0.7113 -0.7113
-0.7090 -0.7090 -0.7071
-0.7071 -0.7052 -0.7052
-0.7045 -0.7045 -0.7040
-0.7040 -0.7029 -0.7023
-0.7023 -0.7020 -0.7020
-0.7006 -0.7006 -0.6970
-0.6970 -0.6938 -0.6938
-0.6882 -0.6882 -0.6790
-0.6790 -0.6789 -0.6789
-0.6723 -0.6723 -0.6696
-0.6696 -0.6675 -0.6675
-0.6628 -0.6628 -0.6609
-0.6609 -0.6566 -0.6566
-0.6563 -0.6563 -0.6560
-0.6560 -0.6535 -0.6535
-0.6494 -0.6494 -0.6474
-0.6474 -0.6468 -0.6468
-0.6466 -0.6466 -0.6346
-0.6346 -0.6283 -0.6283
-0.6223 -0.6223 -0.6202
-0.6202 -0.6192 -0.6192
-0.6192 -0.6192 -0.6177
-0.6156 -0.6156 -0.6155
-0.6155 -0.6109 -0.6109
-0.6075 -0.6075 -0.6068
-0.6068 -0.6057 -0.6057
-0.6015 -0.6015 -0.5949
-0.5949 -0.5878 -0.5878
-0.5847 -0.5847 -0.5837
-0.5837 -0.5820 -0.5820
-0.5745 -0.5745 -0.5721
-0.5721 -0.5713 -0.5713
-0.5711 -0.5711 -0.5645
-0.5645 -0.5643 -0.5643
-0.5547 -0.5547 -0.5534
-0.5534 -0.5525 -0.5525
-0.5524 -0.5524 -0.5519
-0.5519 -0.5451 -0.5451
-0.5406 -0.5406 -0.5368
-0.5368 -0.5291 -0.5291
-0.5257 -0.5257 -0.5257
-0.5241 -0.5241 -0.5225
-0.5225 -0.5193 -0.5193
-0.5180 -0.5180 -0.5161
-0.5161 -0.5134 -0.5134
-0.5112 -0.5112 -0.5063
-0.5063 -0.5042 -0.5042
-0.5000 -0.5000 -0.4964
-0.4964 -0.4862 -0.4862
-0.4857 -0.4857 -0.4852
-0.4852 -0.4844 -0.4844
-0.4762 -0.4762 -0.4709
-0.4709 -0.4684 -0.4684
-0.4657 -0.4642 -0.4642
-0.4609 -0.4609 -0.4603
-0.4603 -0.4543 -0.4543
-0.4540 -0.4540 -0.4483
-0.4483 -0.4470 -0.4470
-0.4454 -0.4454 -0.4445
-0.4445 -0.4440 -0.4440
-0.4429 -0.4429 -0.4339
-0.4339 -0.4271 -0.4271
-0.4253 -0.4253 -0.4224
-0.4224 -0.4156 -0.4156
-0.4143 -0.4143 -0.4083
-0.4083 -0.4054 -0.4054
-0.4034 -0.4010 -0.4010
-0.3998 -0.3998 -0.3996
-0.3996 -0.3974 -0.3974
-0.3941 -0.3941 -0.3867
-0.3867 -0.3862 -0.3862
-0.3859 -0.3859 -0.3836
-0.3836 -0.3827 -0.3827
-0.3817 -0.3817 -0.3750
-0.3750 -0.3717 -0.3717
-0.3685 -0.3685 -0.3660
-0.3660 -0.3616 -0.3616
-0.3582 -0.3582 -0.3462
-0.3462 -0.3428 -0.3428
-0.3414 -0.3414 -0.3392
-0.3392 -0.3391 -0.3347
-0.3347 -0.3341 -0.3341
-0.3323 -0.3323 -0.3306
-0.3306 -0.3259 -0.3259
-0.3255 -0.3255 -0.3249
-0.3249 -0.3225 -0.3225
-0.3221 -0.3221 -0.3168
-0.3168 -0.3090 -0.3090
-0.3077 -0.3077 -0.3052
-0.3052 -0.3038 -0.3038
-0.3013 -0.3013 -0.2960
-0.2960 -0.2899 -0.2899
-0.2803 -0.2803 -0.2747
-0.2747 -0.2737 -0.2737
-0.2733 -0.2706 -0.2706
-0.2674 -0.2674 -0.2664
-0.2664 -0.2655 -0.2655
-0.2642 -0.2642 -0.2641
-0.2641 -0.2629 -0.2629
-0.2627 -0.2627 -0.2616
-0.2616 -0.2599 -0.2599
-0.2552 -0.2552 -0.2473
-0.2473 -0.2387 -0.2387
-0.2372 -0.2372 -0.2371
-0.2371 -0.2334 -0.2334
-0.2325 -0.2325 -0.2289
-0.2289 -0.2201 -0.2201
-0.2130 -0.2130 -0.2061
-0.2012 -0.2012 -0.2004
-0.2004 -0.1993 -0.1993
-0.1991 -0.1991 -0.1986
-0.1986 -0.1984 -0.1984
-0.1983 -0.1983 -0.1982
-0.1982 -0.1973 -0.1973
-0.1964 -0.1964 -0.1960
-0.1960 -0.1918 -0.1918
-0.1874 -0.1874 -0.1796
-0.1796 -0.1725 -0.1725
-0.1625 -0.1625 -0.1610
-0.1610 -0.1606 -0.1606
-0.1596 -0.1596 -0.1564
-0.1564 -0.1515 -0.1515
-0.1474 -0.1474 -0.1380
-0.1335 -0.1335 -0.1333
-0.1333 -0.1331 -0.1331
-0.1328 -0.1328 -0.1326
-0.1326 -0.1317 -0.1317
-0.1317 -0.1317 -0.1312
-0.1312 -0.1228 -0.1228
-0.1227 -0.1227 -0.1212
-0.1212 -0.1211 -0.1211
-0.1198 -0.1198 -0.1191
-0.1191 -0.1104 -0.1104
-0.1065 -0.1065 -0.0823
-0.0823 -0.0822 -0.0822
-0.0815 -0.0815 -0.0811
-0.0811 -0.0811 -0.0811
-0.0806 -0.0806 -0.0785
-0.0785 -0.0691 -0.0667
-0.0667 -0.0667 -0.0667
-0.0666 -0.0666 -0.0666
-0.0666 -0.0660 -0.0660
-0.0660 -0.0660 -0.0658
-0.0658 -0.0658 -0.0658
-0.0413 -0.0413 -0.0413
-0.0413 -0.0413 -0.0413
-0.0412 -0.0412 -0.0407
-0.0407 -0.0407 -0.0407
-0.0406 -0.0406 -0.0406
-0.0406 0.0000 0.0000
0.0000 0.0000 0.0000
0.0000 0.0000 0.0000
0.0000 0.0000 0.0000
0.0000 0.0000 0.0000
0.0000 0.0000 0.0000
0.0000 0.0000 0.0000
0.0000 0.0000 0.0000
0.0000 0.0000 0.0000
0.0000 0.0000 0.0000
0.0000 0.0000 0.0000
0.0000 0.0406 0.0406
0.0406 0.0406 0.0407
0.0407 0.0407 0.0407
0.0412 0.0412 0.0413
0.0413 0.0413 0.0413
0.0413 0.0413 0.0658
0.0658 0.0658 0.0658
0.0660 0.0660 0.0660
0.0660 0.0666 0.0666
0.0666 0.0666 0.0667
0.0667 0.0667 0.0667
0.0691 0.0785 0.0785
0.0806 0.0806 0.0811
0.0811 0.0811 0.0811
0.0815 0.0815 0.0822
0.0822 0.0823 0.0823
0.1065 0.1065 0.1104
0.1104 0.1191 0.1191
0.1198 0.1198 0.1211
0.1211 0.1212 0.1212
0.1227 0.1227 0.1228
0.1228 0.1312 0.1312
0.1317 0.1317 0.1317
0.1317 0.1326 0.1326
0.1328 0.1328 0.1331
0.1331 0.1333 0.1333
0.1335 0.1335 0.1380
0.1474 0.1474 0.1515
0.1515 0.1564 0.1564
0.1596 0.1596 0.1606
0.1606 0.1610 0.1610
0.1625 0.1625 0.1725
0.1725 0.1796 0.1796
0.1874 0.1874 0.1918
0.1918 0.1960 0.1960
0.1964 0.1964 0.1973
0.1973 0.1982 0.1982
0.1983 0.1983 0.1984
0.1984 0.1986 0.1986
0.1991 0.1991 0.1993
0.1993 0.2004 0.2004
0.2012 0.2012 0.2061
0.2130 0.2130 0.2201
0.2201 0.2289 0.2289
0.2325 0.2325 0.2334
0.2334 0.2371 0.2371
0.2372 0.2372 0.2387
0.2387 0.2473 0.2473
0.2552 0.2552 0.2599
0.2599 0.2616 0.2616
0.2627 0.2627 0.2629
0.2629 0.2641 0.2641
0.2642 0.2642 0.2655
0.2655 0.2664 0.2664
0.2674 0.2674 0.2706
0.2706 0.2733 0.2737
0.2737 0.2747 0.2747
0.2803 0.2803 0.2899
0.2899 0.2960 0.2960
0.3013 0.3013 0.3038
0.3038 0.3052 0.3052
0.3077 0.3077 0.3090
0.3090 0.3168 0.3168
0.3221 0.3221 0.3225
0.3225 0.3249 0.3249
0.3255 0.3255 0.3259
0.3259 0.3306 0.3306
0.3323 0.3323 0.3341
0.3341 0.3347 0.3347
0.3391 0.3392 0.3392
0.3414 0.3414 0.3428
0.3428 0.3462 0.3462
0.3582 0.3582 0.3616
0.3616 0.3660 0.3660
0.3685 0.3685 0.3717
0.3717 0.3750 0.3750
0.3817 0.3817 0.3827
0.3827 0.3836 0.3836
0.3859 0.3859 0.3862
0.3862 0.3867 0.3867
0.3941 0.3941 0.3974
0.3974 0.3996 0.3996
0.3998 0.3998 0.4010
0.4010 0.4034 0.4054
0.4054 0.4083 0.4083
0.4143 0.4143 0.4156
0.4156 0.4224 0.4224
0.4253 0.4253 0.4271
0.4271 0.4339 0.4339
0.4429 0.4429 0.4440
0.4440 0.4445 0.4445
0.4454 0.4454 0.4470
0.4470 0.4483 0.4483
0.4540 0.4540 0.4543
0.4543 0.4603 0.4603
0.4609 0.4609 0.4642
0.4642 0.4657 0.4684
0.4684 0.4709 0.4709
0.4762 0.4762 0.4844
0.4844 0.4852 0.4852
0.4857 0.4857 0.4862
0.4862 0.4964 0.4964
0.5000 0.5000 0.5042
0.5042 0.5063 0.5063
0.5112 0.5112 0.5134
0.5134 0.5161 0.5161
0.5180 0.5180 0.5193
0.5193 0.5225 0.5225
0.5241 0.5241 0.5257
0.5257 0.5257 0.5291
0.5291 0.5368 0.5368
0.5406 0.5406 0.5451
0.5451 0.5519 0.5519
0.5524 0.5524 0.5525
0.5525 0.5534 0.5534
0.5547 0.5547 0.5643
0.5643 0.5645 0.5645
0.5711 0.5711 0.5713
0.5713 0.5721 0.5721
0.5745 0.5745 0.5820
0.5820 0.5837 0.5837
0.5847 0.5847 0.5878
0.5878 0.5949 0.5949
0.6015 0.6015 0.6057
0.6057 0.6068 0.6068
0.6075 0.6075 0.6109
0.6109 0.6155 0.6155
0.6156 0.6156 0.6177
0.6192 0.6192 0.6192
0.6192 0.6202 0.6202
0.6223 0.6223 0.6283
0.6283 0.6346 0.6346
0.6466 0.6466 0.6468
0.6468 0.6474 0.6474
0.6494 0.6494 0.6535
0.6535 0.6560 0.6560
0.6563 0.6563 0.6566
0.6566 0.6609 0.6609
0.6628 0.6628 0.6675
0.6675 0.6696 0.6696
0.6723 0.6723 0.6789
0.6789 0.6790 0.6790
0.6882 0.6882 0.6938
0.6938 0.6970 0.6970
0.7006 0.7006 0.7020
0.7020 0.7023 0.7023
0.7029 0.7040 0.7040
0.7045 0.7045 0.7052
0.7052 0.7071 0.7071
0.7090 0.7090 0.7113
0.7113 0.7253 0.7253
0.7280 0.7280 0.7348
0.7348 0.7350 0.7350
0.7377 0.7377 0.7389
0.7389 0.7435 0.7435
0.7447 0.7447 0.7453
0.7453 0.7494 0.7494
0.7494 0.7494 0.7498
0.7498 0.7579 0.7579
0.7587 0.7587 0.7604
0.7604 0.7718 0.7718
0.7726 0.7726 0.7802
0.7802 0.7828 0.7835
0.7835 0.7838 0.7838
0.7857 0.7857 0.7859
0.7859 0.7864 0.7864
0.7901 0.7901 0.7902
0.7902 0.7926 0.7926
0.8015 0.8015 0.8030
0.8030 0.8090 0.8090
0.8122 0.8122 0.8162
0.8162 0.8175 0.8175
0.8192 0.8192 0.8252
0.8252 0.8271 0.8271
0.8271 0.8271 0.8284
0.8284 0.8304 0.8304
0.8308 0.8308 0.8402
0.8402 0.8439 0.8439
0.8480 0.8480 0.8507
0.8507 0.8507 0.8526
0.8526 0.8553 0.8553
0.8598 0.8598 0.8627
0.8627 0.8649 0.8649
0.8659 0.8659 0.8685
0.8685 0.8697 0.8697
0.8793 0.8793 0.8828
0.8828 0.8848 0.8848
0.8850 0.8850 0.8910
0.8910 0.8917 0.8917
0.8929 0.8929 0.8964
0.8964 0.8968 0.8968
0.9048 0.9048 0.9058
0.9058 0.9130 0.9130
0.9150 0.9150 0.9161
0.9162 0.9162 0.9219
0.9219 0.9227 0.9227
0.9239 0.9239 0.9243
0.9243 0.9351 0.9351
0.9360 0.9360 0.9407
0.9407 0.9416 0.9416
0.9444 0.9444 0.9462
0.9462 0.9478 0.9478
0.9511 0.9511 0.9607
0.9607 0.9612 0.9612
0.9619 0.9619 0.9639
0.9664 0.9664 0.9666
0.9666 0.9724 0.9724
0.9785 0.9785 0.9789
0.9789 0.9794 0.9794
0.9815 0.9815 0.9877
0.9877 0.9904 0.9904
0.9910 0.9916 0.9916
0.9969 0.9969 0.9976
0.9976 1.0000 0.0000
-0.0691 0.0691 -0.0412
0.0412 -0.1104 0.1104
0.0000 -0.1380 0.1380
-0.0822 0.0822 -0.1796
0.1796 -0.1515 0.1515
-0.0413 0.0413 -0.2061
0.2061 -0.1227 0.1227
-0.2473 0.2473 -0.2201
0.2201 0.0000 -0.2733
0.2733 -0.1918 0.1918
-0.0815 0.0815 -0.1625
0.1625 -0.2899 0.2899
-0.3168 0.3168 -0.2616
0.2616 -0.0413 0.0413
-0.3391 0.3391 -0.2325
0.2325 -0.1228 0.1228
-0.3582 0.3582 -0.2012
0.2012 -0.3306 0.3306
-0.3817 0.3817 -0.3013
0.3013 0.0000 -0.4034
0.4034 -0.0823 0.0823
-0.2706 0.2706 -0.1610
0.1610 -0.4224 0.4224
-0.3974 0.3974 -0.4454
0.4454 -0.3685 0.3685
-0.2387 0.2387 -0.4657
0.4657 -0.0413 0.0413
-0.3392 0.3392 -0.1198
0.1198 -0.3077 0.3077
-0.1982 0.1982 -0.4603
0.4603 -0.4844 0.4844
-0.4339 0.4339 -0.5063
0.5063 -0.4054 0.4054
-0.2747 0.2747 -0.5257
0.5257 0.0000 -0.0785
0.0785 -0.3750 0.3750
-0.1564 0.1564 -0.5291
0.5291 -0.5042 0.5042
-0.3428 0.3428 -0.2334
0.2334 -0.5519 0.5519
-0.4762 0.4762 -0.5721
0.5721 -0.0407 0.0407
-0.4470 0.4470 -0.1191
0.1191 -0.3090 0.3090
-0.4156 0.4156 -0.1973
0.1973 -0.5713 0.5713
-0.5949 0.5949 -0.5451
0.5451 -0.6177 0.6177
-0.3827 0.3827 -0.2737
0.2737 -0.6156 0.6156
-0.5161 0.5161 0.0000
-0.0811 0.0811 -0.4862
0.4862 -0.1596 0.1596
-0.3414 0.3414 -0.2371
0.2371 -0.4540 0.4540
-0.6346 0.6346 -0.6109
0.6109 -0.6609 0.6609
-0.5837 0.5837 -0.6563
0.6563 -0.0407 0.0407
-0.1212 0.1212 -0.5534
0.5534 -0.4143 0.4143
-0.3052 0.3052 -0.1993
0.1993 -0.5225 0.5225
-0.7029 0.7029 -0.7006
0.7006 -0.3717 0.3717
-0.2674 0.2674 -0.4852
0.4852 -0.6723 0.6723
0.0000 -0.6474 0.6474
-0.6938 0.6938 -0.0806
0.0806 -0.6192 0.6192
-0.1606 0.1606 -0.5878
0.5878 -0.4440 0.4440
-0.3347 0.3347 -0.2289
0.2289 -0.5524 0.5524
-0.7435 0.7435 -0.7389
0.7389 -0.0406 0.0406
-0.7052 0.7052 -0.1211
0.1211 -0.7280 0.7280
-0.6789 0.6789 -0.3998
0.3998 -0.2960 0.2960
-0.6494 0.6494 -0.5134
0.5134 -0.1874 0.1874
-0.6192 0.6192 -0.7828
0.7828 -0.7802 0.7802
-0.4709 0.4709 -0.3616
0.3616 0.0000 -0.0811
0.0811 -0.7718 0.7718
-0.2552 0.2552 -0.5820
0.5820 -0.7587 0.7587
-0.7348 0.7348 -0.7071
0.7071 -0.1474 0.1474
-0.4253 0.4253 -0.6790
0.6790 -0.3221 0.3221
-0.5406 0.5406 -0.8175
0.8175 -0.0406 0.0406
-0.2130 0.2130 -0.8122
0.8122 -0.8015 0.8015
-0.6466 0.6466 -0.7857
0.7857 -0.3867 0.3867
-0.7604 0.7604 -0.4964
0.4964 -0.1065 0.1065
-0.2803 0.2803 -0.6075
0.6075 -0.7350 0.7350
-0.1725 0.1725 -0.8507
0.0000 0.8507 -0.8480
0.8480 -0.4483 0.4483
-0.8402 0.8402 -0.7045
0.7045 -0.3462 0.3462
-0.5643 0.5643 -0.8271
0.8271 -0.0658 0.0658
-0.2372 0.2372 -0.8090
0.8090 -0.6696 0.6696
-0.4083 0.4083 -0.7859
0.7859 -0.5180 0.5180
-0.1312 0.1312 -0.3038
0.3038 -0.6283 0.6283
-0.7579 0.7579 0.0000
-0.8848 0.8848 -0.8793
0.8793 -0.1960 0.1960
-0.8685 0.8685 -0.4684
0.4684 -0.7253 0.7253
-0.3660 0.3660 -0.0658
0.0658 -0.8526 0.8526
-0.5847 0.5847 -0.8284
0.8284 -0.2599 0.2599
-0.8030 0.8030 -0.6882
0.6882 -0.1317 0.1317
-0.4271 0.4271 -0.5368
0.5368 -0.7726 0.7726
-0.3225 0.3225 0.0000
-0.9161 0.9161 -0.6468
0.6468 -0.9130 0.9130
-0.1964 0.1964 -0.9048
0.9048 -0.7377 0.7377
-0.8910 0.8910 -0.8697
0.8697 -0.8439 0.8439
-0.4857 0.4857 -0.0660
0.0660 -0.3836 0.3836
-0.6015 0.6015 -0.2627
0.2627 -0.8162 0.8162
-0.6970 0.6970 -0.1317
0.1317 -0.7835 0.7835
-0.4429 0.4429 -0.5525
0.5525 -0.3249 0.3249
0.0000 -0.6535 0.6535
-0.9416 0.9416 -0.9351
0.9351 -0.1984 0.1984
-0.9058 0.9058 -0.9239
0.9239 -0.8828 0.8828
-0.8553 0.8553 -0.7453
0.7453 -0.0660 0.0660
-0.5000 0.5000 -0.3859
0.3859 -0.6057 0.6057
-0.8252 0.8252 -0.2641
0.2641 -0.7023 0.7023
-0.1326 0.1326 -0.7901
0.7901 -0.4445 0.4445
-0.5547 0.5547 0.0000
-0.3259 0.3259 -0.6566
0.6566 -0.9639 0.9639
-0.9607 0.9607 -0.9360
0.9360 -0.9162 0.9162
-0.9511 0.9511 -0.8917
0.8917 -0.1991 0.1991
-0.8627 0.8627 -0.7494
0.7494 -0.0666 0.0666
-0.3862 0.3862 -0.8304
0.8304 -0.6068 0.6068
-0.5112 0.5112 -0.2642
0.2642 -0.7040 0.7040
-0.1328 0.1328 -0.7926
0.7926 0.0000 -0.3255
0.3255 -0.9789 0.9789
-0.6560 0.6560 -0.9444
0.9444 -0.9724 0.9724
-0.9227 0.9227 -0.9612
0.9612 -0.4543 0.4543
-0.5645 0.5645 -0.8964
0.8964 -0.8659 0.8659
-0.1983 0.1983 -0.7498
0.7498 -0.0666 0.0666
-0.8308 0.8308 -0.2629
0.2629 -0.3941 0.3941
-0.7020 0.7020 -0.6155
0.6155 -0.5193 0.5193
-0.1333 0.1333 -0.7902
0.7902 0.0000 -0.9910
0.9910 -0.9794 0.9794
-0.9877 0.9877 -0.9664
0.9664 -0.9478 0.9478
-0.8968 0.8968 -0.9243
0.9243 -0.8649 0.8649
-0.3323 0.3323 -0.1986
0.1986 -0.6628 0.6628
-0.7447 0.7447 -0.4609
0.4609 -0.5711 0.5711
-0.0667 0.0667 -0.8271
0.8271 -0.3996 0.3996
-0.1331 0.1331 -0.2655
0.2655 -0.6202 0.6202
-0.7838 0.7838 -0.7090
0.7090 -0.5241 0.5241
0.0000 -0.9969 0.9969
-0.9916 0.9916 -0.9815
0.9815 -0.9666 0.9666
-0.9462 0.9462 -0.9219
0.9219 -0.8929 0.8929
-0.8598 0.8598 -0.3341
0.3341 -0.4642 0.4642
-0.2004 0.2004 -0.0667
0.0667 -0.6675 0.6675
-0.5745 0.5745 -0.7494
0.7494 -0.8192 0.8192
-1.0000 -0.9976 -0.9904
-0.9785 -0.9619 -0.9407
-0.9150 -0.8850 -0.8507
-0.7864 -0.7113 -0.6223
-0.5257 -0.4010 -0.2664
-0.1335 0.0000 0.1335
0.2664 0.4010 0.5257
0.6223 0.7113 0.7864
0.8507 0.8850 0.9150
0.9407 0.9619 0.9785
0.9904 0.9976 1.0000
-0.8192 0.8192 -0.7494
0.7494 -0.5745 0.5745
-0.6675 0.6675 -0.0667
0.0667 -0.2004 0.2004
-0.4642 0.4642 -0.3341
0.3341 -0.8598 0.8598
-0.8929 0.8929 -0.9219
0.9219 -0.9462 0.9462
-0.9666 0.9666 -0.9815
0.9815 -0.9916 0.9916
-0.9969 0.9969 0.0000
-0.5241 0.5241 -0.7090
0.7090 -0.7838 0.7838
-0.6202 0.6202 -0.2655
0.2655 -0.1331 0.1331
-0.3996 0.3996 -0.8271
0.8271 -0.0667 0.0667
-0.5711 0.5711 -0.4609
0.4609 -0.7447 0.7447
-0.6628 0.6628 -0.1986
0.1986 -0.3323 0.3323
-0.8649 0.8649 -0.9243
0.9243 -0.8968 0.8968
-0.9478 0.9478 -0.9664
0.9664 -0.9877 0.9877
-0.9794 0.9794 -0.9910
0.9910 0.0000 -0.7902
0.7902 -0.1333 0.1333
-0.5193 0.5193 -0.6155
0.6155 -0.7020 0.7020
-0.3941 0.3941 -0.2629
0.2629 -0.8308 0.8308
-0.0666 0.0666 -0.7498
0.7498 -0.1983 0.1983
-0.8659 0.8659 -0.8964
0.8964 -0.5645 0.5645
-0.4543 0.4543 -0.9612
0.9612 -0.9227 0.9227
-0.9724 0.9724 -0.9444
0.9444 -0.6560 0.6560
-0.9789 0.9789 -0.3255
0.3255 0.0000 -0.7926
0.7926 -0.1328 0.1328
-0.7040 0.7040 -0.2642
0.2642 -0.5112 0.5112
-0.6068 0.6068 -0.8304
0.8304 -0.3862 0.3862
-0.0666 0.0666 -0.7494
0.7494 -0.8627 0.8627
-0.1991 0.1991 -0.8917
0.8917 -0.9511 0.9511
-0.9162 0.9162 -0.9360
0.9360 -0.9607 0.9607
-0.9639 0.9639 -0.6566
0.6566 -0.3259 0.3259
0.0000 -0.5547 0.5547
-0.4445 0.4445 -0.7901
0.7901 -0.1326 0.1326
-0.7023 0.7023 -0.2641
0.2641 -0.8252 0.8252
-0.6057 0.6057 -0.3859
0.3859 -0.5000 0.5000
-0.0660 0.0660 -0.7453
0.7453 -0.8553 0.8553
-0.8828 0.8828 -0.9239
0.9239 -0.9058 0.9058
-0.1984 0.1984 -0.9351
0.9351 -0.9416 0.9416
-0.6535 0.6535 0.0000
-0.3249 0.3249 -0.5525
0.5525 -0.4429 0.4429
-0.7835 0.7835 -0.1317
0.1317 -0.6970 0.6970
-0.8162 0.8162 -0.2627
0.2627 -0.6015 0.6015
-0.3836 0.3836 -0.0660
0.0660 -0.4857 0.4857
-0.8439 0.8439 -0.8697
0.8697 -0.8910 0.8910
-0.7377 0.7377 -0.9048
0.9048 -0.1964 0.1964
-0.9130 0.9130 -0.6468
0.6468 -0.9161 0.9161
0.0000 -0.3225 0.3225
-0.7726 0.7726 -0.5368
0.5368 -0.4271 0.4271
-0.1317 0.1317 -0.6882
0.6882 -0.8030 0.8030
-0.2599 0.2599 -0.8284
0.8284 -0.5847 0.5847
-0.8526 0.8526 -0.0658
0.0658 -0.3660 0.3660
-0.7253 0.7253 -0.4684
0.4684 -0.8685 0.8685
-0.1960 0.1960 -0.8793
0.8793 -0.8848 0.8848
0.0000 -0.7579 0.7579
-0.6283 0.6283 -0.3038
0.3038 -0.1312 0.1312
-0.5180 0.5180 -0.7859
0.7859 -0.4083 0.4083
-0.6696 0.6696 -0.8090
0.8090 -0.2372 0.2372
-0.0658 0.0658 -0.8271
0.8271 -0.5643 0.5643
-0.3462 0.3462 -0.7045
0.7045 -0.8402 0.8402
-0.4483 0.4483 -0.8480
0.8480 -0.8507 0.0000
0.8507 -0.1725 0.1725
-0.7350 0.7350 -0.6075
0.6075 -0.2803 0.2803
-0.1065 0.1065 -0.4964
0.4964 -0.7604 0.7604
-0.3867 0.3867 -0.7857
0.7857 -0.6466 0.6466
-0.8015 0.8015 -0.8122
0.8122 -0.2130 0.2130
-0.0406 0.0406 -0.8175
0.8175 -0.5406 0.5406
-0.3221 0.3221 -0.6790
0.6790 -0.4253 0.4253
-0.1474 0.1474 -0.7071
0.7071 -0.7348 0.7348
-0.7587 0.7587 -0.5820
0.5820 -0.2552 0.2552
-0.7718 0.7718 -0.0811
0.0811 0.0000 -0.3616
0.3616 -0.4709 0.4709
-0.7802 0.7802 -0.7828
0.7828 -0.6192 0.6192
-0.1874 0.1874 -0.5134
0.5134 -0.6494 0.6494
-0.2960 0.2960 -0.3998
0.3998 -0.6789 0.6789
-0.7280 0.7280 -0.1211
0.1211 -0.7052 0.7052
-0.0406 0.0406 -0.7389
0.7389 -0.7435 0.7435
-0.5524 0.5524 -0.2289
0.2289 -0.3347 0.3347
-0.4440 0.4440 -0.5878
0.5878 -0.1606 0.1606
-0.6192 0.6192 -0.0806
0.0806 -0.6938 0.6938
-0.6474 0.6474 0.0000
-0.6723 0.6723 -0.4852
0.4852 -0.2674 0.2674
-0.3717 0.3717 -0.7006
0.7006 -0.7029 0.7029
-0.5225 0.5225 -0.1993
0.1993 -0.3052 0.3052
-0.4143 0.4143 -0.5534
0.5534 -0.1212 0.1212
-0.0407 0.0407 -0.6563
0.6563 -0.5837 0.5837
-0.6609 0.6609 -0.6109
0.6109 -0.6346 0.6346
-0.4540 0.4540 -0.2371
0.2371 -0.3414 0.3414
-0.1596 0.1596 -0.4862
0.4862 -0.0811 0.0811
0.0000 -0.5161 0.5161
-0.6156 0.6156 -0.2737
0.2737 -0.3827 0.3827
-0.6177 0.6177 -0.5451
0.5451 -0.5949 0.5949
-0.5713 0.5713 -0.1973
0.1973 -0.4156 0.4156
-0.3090 0.3090 -0.1191
0.1191 -0.4470 0.4470
-0.0407 0.0407 -0.5721
0.5721 -0.4762 0.4762
-0.5519 0.5519 -0.2334
0.2334 -0.3428 0.3428
-0.5042 0.5042 -0.5291
0.5291 -0.1564 0.1564
-0.3750 0.3750 -0.0785
0.0785 0.0000 -0.5257
0.5257 -0.2747 0.2747
-0.4054 0.4054 -0.5063
0.5063 -0.4339 0.4339
-0.4844 0.4844 -0.4603
0.4603 -0.1982 0.1982
-0.3077 0.3077 -0.1198
0.1198 -0.3392 0.3392
-0.0413 0.0413 -0.4657
0.4657 -0.2387 0.2387
-0.3685 0.3685 -0.4454
0.4454 -0.3974 0.3974
-0.4224 0.4224 -0.1610
0.1610 -0.2706 0.2706
-0.0823 0.0823 -0.4034
0.4034 0.0000 -0.3013
0.3013 -0.3817 0.3817
-0.3306 0.3306 -0.2012
0.2012 -0.3582 0.3582
-0.1228 0.1228 -0.2325
0.2325 -0.3391 0.3391
-0.0413 0.0413 -0.2616
0.2616 -0.3168 0.3168
-0.2899 0.2899 -0.1625
0.1625 -0.0815 0.0815
-0.1918 0.1918 -0.2733
0.2733 0.0000 -0.2201
0.2201 -0.2473 0.2473
-0.1227 0.1227 -0.2061
0.2061 -0.0413 0.0413
-0.1515 0.1515 -0.1796
0.1796 -0.0822 0.0822
-0.1380 0.1380 0.0000
-0.1104 0.1104 -0.0412
0.0412 -0.0691 0.0691
0.0000 0.0000 0.0000
0.0000 0.0667 0.0667
0.0667 0.0667 0.1335
0.0000 0.0000 0.1331
0.1331 0.0666 0.0666
0.1333 0.1333 0.2004
0.2004 0.0000 0.0000
0.1986 0.1986 0.0666
0.0666 0.1328 0.1328
0.2664 0.0000 0.0000
0.1983 0.1983 0.2655
0.2655 0.2629 0.2629
0.1326 0.1326 0.0660
0.0660 0.1991 0.1991
0.3341 0.3341 0.0000
0.0000 0.2642 0.2642
0.3323 0.3323 0.1317
0.1317 0.3255 0.3255
0.1984 0.1984 0.0660
0.0660 0.2641 0.2641
0.4010 0.0000 0.0000
0.3996 0.3996 0.3259
0.3259 0.3941 0.3941
0.1317 0.1317 0.1964
0.1964 0.0658 0.0658
0.2627 0.2627 0.3862
0.3862 0.0000 0.0000
0.4642 0.4642 0.3249
0.3249 0.4609 0.4609
0.3859 0.3859 0.4543
0.4543 0.1960 0.1960
0.1312 0.1312 0.2599
0.2599 0.0658 0.0658
0.3225 0.3225 0.4445
0.4445 0.0000 0.0000
0.5257 0.5241 0.5241
0.3836 0.3836 0.5193
0.5193 0.1725 0.1725
0.2372 0.2372 0.4429
0.4429 0.5112 0.5112
0.1065 0.1065 0.3038
0.3038 0.0406 0.0406
0.5745 0.5745 0.3660
0.3660 0.5711 0.5711
0.5000 0.5000 0.4271
0.4271 0.5645 0.5645
0.2130 0.2130 0.1474
0.1474 0.2803 0.2803
0.0000 0.0000 0.4857
0.4857 0.5547 0.5547
0.0811 0.0811 0.3462
0.3462 0.6223 0.6202
0.6202 0.4083 0.4083
0.6155 0.6155 0.5525
0.5525 0.6068 0.6068
0.4684 0.4684 0.1874
0.1874 0.2552 0.2552
0.0406 0.0406 0.3221
0.3221 0.1211 0.1211
0.6675 0.6675 0.6628
0.6628 0.3867 0.3867
0.5368 0.5368 0.6057
0.6057 0.6560 0.6560
0.4483 0.4483 0.0000
0.0000 0.0806 0.0806
0.6015 0.6015 0.6566
0.6566 0.5180 0.5180
0.2289 0.2289 0.7113
0.2960 0.2960 0.1606
0.1606 0.7090 0.7090
0.3616 0.3616 0.7020
0.7020 0.4253 0.4253
0.5847 0.5847 0.6535
0.6535 0.7040 0.7040
0.4964 0.4964 0.0407
0.0407 0.1212 0.1212
0.7494 0.7494 0.2674
0.2674 0.7447 0.7447
0.1993 0.1993 0.3347
0.3347 0.6468 0.6468
0.7023 0.7023 0.3998
0.3998 0.5643 0.5643
0.7498 0.7498 0.4709
0.4709 0.0000 0.0000
0.0811 0.0811 0.6283
0.6283 0.6970 0.6970
0.7864 0.7838 0.7838
0.1596 0.1596 0.7494
0.7494 0.5406 0.5406
0.2371 0.2371 0.3052
0.3052 0.3717 0.3717
0.7902 0.7902 0.6882
0.6882 0.4440 0.4440
0.7453 0.7453 0.6075
0.6075 0.0407 0.0407
0.8192 0.8192 0.7926
0.7926 0.1191 0.1191
0.1973 0.1973 0.5134
0.5134 0.2737 0.2737
0.7377 0.7377 0.3414
0.3414 0.6696 0.6696
0.8271 0.8271 0.7901
0.7901 0.5820 0.5820
0.4143 0.4143 0.8308
0.8308 0.0000 0.8507
0.0000 0.0785 0.0785
0.7253 0.7253 0.1564
0.1564 0.4852 0.4852
0.7835 0.7835 0.6466
0.6466 0.2334 0.2334
0.8598 0.8598 0.8304
0.8304 0.3090 0.3090
0.5524 0.5524 0.7726
0.7726 0.3827 0.3827
0.7045 0.7045 0.8649
0.8649 0.8252 0.8252
0.6192 0.6192 0.4540
0.4540 0.8850 0.0413
0.0413 0.1198 0.1198
0.8659 0.8659 0.1982
0.1982 0.7579 0.7579
0.5225 0.5225 0.8162
0.8162 0.8929 0.8929
0.2747 0.2747 0.6790
0.6790 0.3428 0.3428
0.8627 0.8627 0.4156
0.4156 0.5878 0.5878
0.8968 0.8968 0.8030
0.8030 0.7350 0.7350
0.4862 0.4862 0.8553
0.8553 0.9150 0.0000
0.0000 0.6494 0.6494
0.0823 0.0823 0.8964
0.8964 0.1610 0.1610
0.5534 0.5534 0.2387
0.2387 0.3077 0.3077
0.3750 0.3750 0.7859
0.7859 0.9219 0.9219
0.8439 0.8439 0.7071
0.7071 0.8917 0.8917
0.4470 0.4470 0.6192
0.6192 0.9243 0.9243
0.5161 0.5161 0.8284
0.8284 0.7604 0.7604
0.8828 0.8828 0.9407
0.6789 0.6789 0.0413
0.0413 0.1228 0.1228
0.9227 0.9227 0.2706
0.2706 0.2012 0.2012
0.3392 0.3392 0.4054
0.4054 0.5837 0.5837
0.9462 0.9462 0.8090
0.8090 0.8697 0.8697
0.7348 0.7348 0.4762
0.4762 0.9162 0.9162
0.6474 0.6474 0.9478
0.9478 0.5451 0.5451
0.8526 0.8526 0.7857
0.7857 0.9619 0.9058
0.9058 0.7052 0.7052
0.0000 0.0000 0.0815
0.0815 0.2325 0.2325
0.3013 0.3013 0.1625
0.1625 0.3685 0.3685
0.9444 0.9444 0.4339
0.4339 0.6109 0.6109
0.9666 0.9666 0.8910
0.8910 0.5042 0.5042
0.7587 0.7587 0.8271
0.8271 0.9360 0.9360
0.6723 0.6723 0.9664
0.9664 0.5713 0.5713
0.9785 0.9239 0.9239
0.0413 0.0413 0.7280
0.7280 0.2616 0.2616
0.1227 0.1227 0.3306
0.3306 0.1918 0.1918
0.8685 0.8685 0.8015
0.8015 0.3974 0.3974
0.4603 0.4603 0.9612
0.9612 0.6346 0.6346
0.9815 0.9815 0.5291
0.5291 0.9511 0.9511
0.9048 0.9048 0.6938
0.6938 0.7718 0.7718
0.8402 0.8402 0.9794
0.9794 0.5949 0.5949
0.9904 0.0000 0.0000
0.1515 0.1515 0.0822
0.0822 0.2201 0.2201
0.2899 0.2899 0.4224
0.4224 0.3582 0.3582
0.4844 0.4844 0.9351
0.9351 0.9724 0.9724
0.7389 0.7389 0.6563
0.6563 0.8793 0.8793
0.8122 0.8122 0.9916
0.9916 0.5519 0.5519
0.9130 0.9130 0.9877
0.9877 0.9607 0.9607
0.7802 0.7802 0.6156
0.6156 0.7006 0.7006
0.8480 0.8480 0.9976
0.0412 0.0412 0.1104
0.1104 0.1796 0.1796
0.2473 0.2473 0.3168
0.3168 0.3817 0.3817
0.4454 0.4454 0.5063
0.5063 0.9416 0.9416
0.8848 0.8848 0.9789
0.9789 0.9969 0.9969
0.7435 0.7435 0.8175
0.8175 0.6609 0.6609
0.5721 0.5721 0.0000
0.0691 0.1380 0.2061
0.2733 0.3391 0.4034
0.4657 0.5257 0.6177
0.7029 0.7828 0.8507
0.9161 0.9639 0.9910
1.0000 0.9910 0.9639
0.9161 0.8507 0.7828
0.7029 0.6177 0.5257
0.4657 0.4034 0.3391
0.2733 0.2061 0.1380
0.0691 0.0000 0.5721
0.5721 0.6609 0.6609
0.8175 0.8175 0.7435
0.7435 0.9969 0.9969
0.9789 0.9789 0.8848
0.8848 0.9416 0.9416
0.5063 0.5063 0.4454
0.4454 0.3817 0.3817
0.3168 0.3168 0.2473
0.2473 0.1796 0.1796
0.1104 0.1104 0.0412
0.0412 0.9976 0.8480
0.8480 0.7006 0.7006
0.6156 0.6156 0.7802
0.7802 0.9607 0.9607
0.9877 0.9877 0.9130
0.9130 0.5519 0.5519
0.9916 0.9916 0.8122
0.8122 0.8793 0.8793
0.6563 0.6563 0.7389
0.7389 0.9724 0.9724
0.9351 0.9351 0.4844
0.4844 0.3582 0.3582
0.4224 0.4224 0.2899
0.2899 0.2201 0.2201
0.0822 0.0822 0.1515
0.1515 0.0000 0.0000
0.9904 0.5949 0.5949
0.9794 0.9794 0.8402
0.8402 0.7718 0.7718
0.6938 0.6938 0.9048
0.9048 0.9511 0.9511
0.5291 0.5291 0.9815
0.9815 0.6346 0.6346
0.9612 0.9612 0.4603
0.4603 0.3974 0.3974
0.8015 0.8015 0.8685
0.8685 0.1918 0.1918
0.3306 0.3306 0.1227
0.1227 0.2616 0.2616
0.7280 0.7280 0.0413
0.0413 0.9239 0.9239
0.9785 0.5713 0.5713
0.9664 0.9664 0.6723
0.6723 0.9360 0.9360
0.8271 0.8271 0.7587
0.7587 0.5042 0.5042
0.8910 0.8910 0.9666
0.9666 0.6109 0.6109
0.4339 0.4339 0.9444
0.9444 0.3685 0.3685
0.1625 0.1625 0.3013
0.3013 0.2325 0.2325
0.0815 0.0815 0.0000
0.0000 0.7052 0.7052
0.9058 0.9058 0.9619
0.7857 0.7857 0.8526
0.8526 0.5451 0.5451
0.9478 0.9478 0.6474
0.6474 0.9162 0.9162
0.4762 0.4762 0.7348
0.7348 0.8697 0.8697
0.8090 0.8090 0.9462
0.9462 0.5837 0.5837
0.4054 0.4054 0.3392
0.3392 0.2012 0.2012
0.2706 0.2706 0.9227
0.9227 0.1228 0.1228
0.0413 0.0413 0.6789
0.6789 0.9407 0.8828
0.8828 0.7604 0.7604
0.8284 0.8284 0.5161
0.5161 0.9243 0.9243
0.6192 0.6192 0.4470
0.4470 0.8917 0.8917
0.7071 0.7071 0.8439
0.8439 0.9219 0.9219
0.7859 0.7859 0.3750
0.3750 0.3077 0.3077
0.2387 0.2387 0.5534
0.5534 0.1610 0.1610
0.8964 0.8964 0.0823
0.0823 0.6494 0.6494
0.0000 0.0000 0.9150
0.8553 0.8553 0.4862
0.4862 0.7350 0.7350
0.8030 0.8030 0.8968
0.8968 0.5878 0.5878
0.4156 0.4156 0.8627
0.8627 0.3428 0.3428
0.6790 0.6790 0.2747
0.2747 0.8929 0.8929
0.8162 0.8162 0.5225
0.5225 0.7579 0.7579
0.1982 0.1982 0.8659
0.8659 0.1198 0.1198
0.0413 0.0413 0.8850
0.4540 0.4540 0.6192
0.6192 0.8252 0.8252
0.8649 0.8649 0.7045
0.7045 0.3827 0.3827
0.7726 0.7726 0.5524
0.5524 0.3090 0.3090
0.8304 0.8304 0.8598
0.8598 0.2334 0.2334
0.6466 0.6466 0.7835
0.7835 0.4852 0.4852
0.1564 0.1564 0.7253
0.7253 0.0785 0.0785
0.0000 0.8507 0.0000
0.8308 0.8308 0.4143
0.4143 0.5820 0.5820
0.7901 0.7901 0.8271
0.8271 0.6696 0.6696
0.3414 0.3414 0.7377
0.7377 0.2737 0.2737
0.5134 0.5134 0.1973
0.1973 0.1191 0.1191
0.7926 0.7926 0.8192
0.8192 0.0407 0.0407
0.6075 0.6075 0.7453
0.7453 0.4440 0.4440
0.6882 0.6882 0.7902
0.7902 0.3717 0.3717
0.3052 0.3052 0.2371
0.2371 0.5406 0.5406
0.7494 0.7494 0.1596
0.1596 0.7838 0.7838
0.7864 0.6970 0.6970
0.6283 0.6283 0.0811
0.0811 0.0000 0.0000
0.4709 0.4709 0.7498
0.7498 0.5643 0.5643
0.3998 0.3998 0.7023
0.7023 0.6468 0.6468
0.3347 0.3347 0.1993
0.1993 0.7447 0.7447
0.2674 0.2674 0.7494
0.7494 0.1212 0.1212
0.0407 0.0407 0.4964
0.4964 0.7040 0.7040
0.6535 0.6535 0.5847
0.5847 0.4253 0.4253
0.7020 0.7020 0.3616
0.3616 0.7090 0.7090
0.1606 0.1606 0.2960
0.2960 0.7113 0.2289
0.2289 0.5180 0.5180
0.6566 0.6566 0.6015
0.6015 0.0806 0.0806
0.0000 0.0000 0.4483
0.4483 0.6560 0.6560
0.6057 0.6057 0.5368
0.5368 0.3867 0.3867
0.6628 0.6628 0.6675
0.6675 0.1211 0.1211
0.3221 0.3221 0.0406
0.0406 0.2552 0.2552
0.1874 0.1874 0.4684
0.4684 0.6068 0.6068
0.5525 0.5525 0.6155
0.6155 0.4083 0.4083
0.6202 0.6202 0.6223
0.3462 0.3462 0.0811
0.0811 0.5547 0.5547
0.4857 0.4857 0.0000
0.0000 0.2803 0.2803
0.1474 0.1474 0.2130
0.2130 0.5645 0.5645
0.4271 0.4271 0.5000
0.5000 0.5711 0.5711
0.3660 0.3660 0.5745
0.5745 0.0406 0.0406
0.3038 0.3038 0.1065
0.1065 0.5112 0.5112
0.4429 0.4429 0.2372
0.2372 0.1725 0.1725
0.5193 0.5193 0.3836
0.3836 0.5241 0.5241
0.5257 0.0000 0.0000
0.4445 0.4445 0.3225
0.3225 0.0658 0.0658
0.2599 0.2599 0.1312
0.1312 0.1960 0.1960
0.4543 0.4543 0.3859
0.3859 0.4609 0.4609
0.3249 0.3249 0.4642
0.4642 0.0000 0.0000
0.3862 0.3862 0.2627
0.2627 0.0658 0.0658
0.1964 0.1964 0.1317
0.1317 0.3941 0.3941
0.3259 0.3259 0.3996
0.3996 0.0000 0.0000
0.4010 0.2641 0.2641
0.0660 0.0660 0.1984
0.1984 0.3255 0.3255
0.1317 0.1317 0.3323
0.3323 0.2642 0.2642
0.0000 0.0000 0.3341
0.3341 0.1991 0.1991
0.0660 0.0660 0.1326
0.1326 0.2629 0.2629
0.2655 0.2655 0.1983
0.1983 0.0000 0.0000
0.2664 0.1328 0.1328
0.0666 0.0666 0.1986
0.1986 0.0000 0.0000
0.2004 0.2004 0.1333
0.1333 0.0666 0.0666
0.1331 0.1331 0.0000
0.0000 0.1335 0.0667
0.0667 0.0667 0.0667
0.0000 0.0000 0.0000
